team_long_name,points_total,buildUpPlaySpeed,buildUpPlayPassing,chanceCreationPassing,chanceCreationCrossing,chanceCreationShooting,defencePressure,defenceAggression,defenceTeamWidth
1. FC Kaiserslautern,69,51.0,52.0,47.0,62.0,60.0,47.0,53.0,55.0
1. FC Köln,234,57.0,61.0,55.0,42.0,59.0,45.0,51.0,61.0
1. FC Nürnberg,190,45.0,48.0,50.0,53.0,59.0,43.0,50.0,44.0
1. FSV Mainz 05,329,62.0,52.0,53.0,48.0,54.0,52.0,62.0,50.0
AC Ajaccio,106,60.0,49.0,50.0,41.0,52.0,38.0,50.0,49.0
AC Arles-Avignon,20,43.0,53.0,46.0,38.0,40.0,38.0,46.0,46.0
AC Bellinzona,100,44.0,52.0,55.0,52.0,55.0,38.0,50.0,56.0
ADO Den Haag,311,46.0,50.0,50.0,56.0,50.0,46.0,51.0,52.0
AJ Auxerre,209,54.0,55.0,46.0,64.0,48.0,34.0,47.0,41.0
AS Monaco,360,51.0,49.0,49.0,43.0,38.0,44.0,47.0,54.0
AS Nancy-Lorraine,221,49.0,45.0,50.0,58.0,56.0,46.0,52.0,53.0
AS Saint-Étienne,445,57.0,51.0,47.0,58.0,56.0,36.0,43.0,49.0
AZ,473,52.0,43.0,54.0,52.0,55.0,50.0,55.0,57.0
Aberdeen,435,59.0,57.0,52.0,63.0,59.0,46.0,48.0,61.0
Académica de Coimbra,250,42.0,43.0,53.0,54.0,58.0,40.0,38.0,56.0
Ajax,602,35.0,34.0,51.0,58.0,50.0,60.0,54.0,54.0
Angers SCO,50,51.0,48.0,45.0,54.0,53.0,42.0,46.0,47.0
Arka Gdynia,86,38.0,41.0,39.0,48.0,61.0,56.0,59.0,58.0
Arsenal,583,52.0,31.0,35.0,46.0,46.0,50.0,46.0,50.0
Aston Villa,346,66.0,59.0,55.0,56.0,47.0,37.0,49.0,51.0
Atalanta,306,55.0,42.0,42.0,48.0,52.0,43.0,52.0,53.0
Athletic Club de Bilbao,437,52.0,48.0,47.0,70.0,47.0,40.0,62.0,57.0
Atlético Madrid,560,53.0,48.0,65.0,63.0,60.0,56.0,39.0,54.0
BSC Young Boys,495,54.0,63.0,46.0,68.0,52.0,46.0,40.0,54.0
Bari,74,51.0,49.0,49.0,47.0,57.0,48.0,46.0,54.0
Bayer 04 Leverkusen,477,67.0,48.0,59.0,56.0,53.0,58.0,50.0,53.0
Beerschot AC,162,46.0,42.0,46.0,54.0,54.0,48.0,49.0,59.0
Birmingham City,89,56.0,66.0,58.0,64.0,54.0,45.0,53.0,55.0
Blackburn Rovers,165,52.0,64.0,57.0,56.0,42.0,46.0,55.0,47.0
Blackpool,39,60.0,57.0,64.0,51.0,61.0,48.0,50.0,55.0
Boavista FC,67,47.0,50.0,37.0,38.0,53.0,32.0,62.0,54.0
Bologna,283,60.0,47.0,36.0,50.0,55.0,37.0,46.0,49.0
Bolton Wanderers,162,55.0,64.0,59.0,56.0,50.0,40.0,53.0,53.0
Borussia Dortmund,533,72.0,46.0,65.0,44.0,66.0,59.0,69.0,46.0
Borussia Mönchengladbach,389,54.0,43.0,51.0,45.0,52.0,42.0,49.0,46.0
Bournemouth,42,50.0,52.0,57.0,50.0,50.0,48.0,53.0,61.0
Brescia,32,37.0,38.0,43.0,39.0,70.0,41.0,46.0,56.0
Burnley,63,52.0,60.0,62.0,62.0,54.0,51.0,58.0,61.0
CA Osasuna,265,40.0,50.0,54.0,62.0,56.0,44.0,56.0,66.0
CD Nacional,347,47.0,39.0,55.0,53.0,52.0,41.0,45.0,51.0
CD Numancia,35,50.0,46.0,51.0,45.0,56.0,45.0,48.0,60.0
CD Tenerife,36,50.0,49.0,56.0,46.0,58.0,53.0,45.0,62.0
CF Os Belenenses,164,44.0,45.0,46.0,40.0,52.0,35.0,42.0,43.0
CS Marítimo,321,44.0,47.0,59.0,65.0,56.0,38.0,44.0,44.0
Cagliari,302,56.0,42.0,52.0,52.0,57.0,46.0,54.0,53.0
Cardiff City,30,62.0,62.0,58.0,57.0,54.0,46.0,48.0,52.0
Carpi,38,56.0,48.0,58.0,38.0,52.0,36.0,50.0,43.0
Catania,264,59.0,41.0,50.0,50.0,50.0,32.0,58.0,48.0
Celtic,704,61.0,57.0,56.0,61.0,61.0,53.0,54.0,62.0
Cesena,87,59.0,41.0,46.0,41.0,65.0,40.0,46.0,54.0
Chelsea,598,62.0,45.0,50.0,55.0,62.0,41.0,50.0,45.0
Chievo Verona,348,58.0,58.0,48.0,54.0,56.0,35.0,60.0,53.0
Club Brugge KV,409,49.0,46.0,49.0,56.0,48.0,54.0,54.0,55.0
Cracovia,236,41.0,46.0,55.0,50.0,52.0,59.0,44.0,62.0
Crystal Palace,135,57.0,59.0,68.0,64.0,52.0,44.0,38.0,48.0
Córdoba CF,20,40.0,46.0,42.0,59.0,51.0,37.0,38.0,49.0
DSC Arminia Bielefeld,28,49.0,59.0,49.0,51.0,48.0,40.0,47.0,49.0
De Graafschap,115,34.0,40.0,45.0,42.0,64.0,47.0,44.0,46.0
Dijon FCO,36,54.0,48.0,48.0,52.0,52.0,41.0,48.0,52.0
Dundee FC,123,48.0,48.0,35.0,60.0,59.0,49.0,46.0,56.0
Dundee United,428,62.0,58.0,57.0,55.0,50.0,48.0,48.0,57.0
Dunfermline Athletic,25,55.0,60.0,46.0,68.0,54.0,42.0,43.0,63.0
ES Troyes AC,55,46.0,51.0,52.0,49.0,45.0,43.0,43.0,52.0
Eintracht Braunschweig,25,65.0,56.0,59.0,58.0,59.0,50.0,44.0,48.0
Eintracht Frankfurt,279,51.0,38.0,49.0,55.0,48.0,49.0,43.0,53.0
Elche CF,81,48.0,55.0,52.0,52.0,57.0,48.0,48.0,55.0
Empoli,88,52.0,41.0,51.0,52.0,56.0,41.0,49.0,48.0
En Avant de Guingamp,135,53.0,46.0,49.0,52.0,52.0,40.0,49.0,45.0
Estoril Praia,186,64.0,52.0,47.0,53.0,39.0,46.0,49.0,55.0
Everton,463,56.0,52.0,48.0,58.0,50.0,48.0,58.0,56.0
Excelsior,116,58.0,60.0,63.0,41.0,44.0,26.0,39.0,34.0
FC Aarau,139,53.0,53.0,56.0,64.0,61.0,48.0,48.0,51.0
FC Arouca,113,67.0,39.0,55.0,59.0,46.0,36.0,38.0,37.0
FC Augsburg,210,55.0,53.0,46.0,65.0,60.0,44.0,52.0,51.0
FC Barcelona,745,36.0,34.0,45.0,33.0,53.0,64.0,54.0,66.0
FC Basel,604,55.0,45.0,61.0,64.0,52.0,48.0,58.0,54.0
FC Bayern Munich,623,49.0,35.0,38.0,41.0,50.0,57.0,49.0,55.0
FC Dordrecht,20,39.0,62.0,62.0,66.0,48.0,51.0,58.0,55.0
FC Energie Cottbus,30,50.0,49.0,49.0,59.0,52.0,57.0,53.0,53.0
FC Groningen,389,47.0,42.0,51.0,59.0,52.0,45.0,44.0,48.0
FC Ingolstadt 04,40,53.0,48.0,50.0,49.0,50.0,36.0,44.0,50.0
FC Lausanne-Sports,87,39.0,52.0,49.0,60.0,52.0,47.0,48.0,54.0
FC Lorient,382,53.0,47.0,50.0,52.0,55.0,51.0,49.0,56.0
FC Luzern,389,52.0,52.0,53.0,48.0,61.0,48.0,48.0,50.0
FC Metz,30,55.0,48.0,46.0,57.0,55.0,39.0,46.0,47.0
FC Nantes,179,54.0,48.0,50.0,50.0,44.0,42.0,48.0,48.0
FC Paços de Ferreira,315,45.0,39.0,53.0,54.0,53.0,36.0,40.0,57.0
FC Penafiel,22,54.0,39.0,52.0,56.0,38.0,40.0,35.0,46.0
FC Porto,591,51.0,49.0,56.0,67.0,66.0,53.0,50.0,55.0
FC Schalke 04,438,56.0,47.0,56.0,60.0,53.0,50.0,54.0,50.0
FC Sion,381,54.0,44.0,61.0,53.0,54.0,43.0,44.0,50.0
FC Sochaux-Montbéliard,264,61.0,46.0,54.0,62.0,47.0,54.0,43.0,54.0
FC St. Gallen,266,48.0,52.0,40.0,45.0,44.0,44.0,46.0,51.0
FC St. Pauli,29,55.0,56.0,61.0,52.0,51.0,49.0,51.0,56.0
FC Thun,281,57.0,36.0,63.0,36.0,59.0,45.0,43.0,52.0
FC Twente,503,38.0,38.0,50.0,57.0,44.0,46.0,47.0,52.0
FC Utrecht,385,51.0,50.0,48.0,57.0,55.0,42.0,49.0,42.0
FC Vaduz,89,53.0,56.0,38.0,53.0,46.0,42.0,33.0,58.0
FC Zürich,429,57.0,50.0,48.0,55.0,54.0,49.0,46.0,56.0
Falkirk,69,70.0,70.0,60.0,70.0,70.0,60.0,70.0,70.0
Feyenoord,480,44.0,45.0,48.0,52.0,43.0,42.0,44.0,43.0
Fiorentina,471,47.0,41.0,61.0,54.0,55.0,50.0,48.0,56.0
Fortuna Düsseldorf,30,57.0,49.0,59.0,57.0,51.0,46.0,56.0,48.0
Frosinone,31,54.0,41.0,42.0,47.0,60.0,49.0,51.0,59.0
Fulham,275,52.0,54.0,50.0,56.0,53.0,37.0,34.0,48.0
GFC Ajaccio,37,54.0,52.0,55.0,60.0,56.0,44.0,46.0,53.0
GKS Bełchatów,235,47.0,46.0,49.0,48.0,55.0,51.0,53.0,43.0
Genoa,397,63.0,52.0,61.0,51.0,48.0,39.0,53.0,46.0
Getafe CF,353,34.0,40.0,50.0,45.0,55.0,48.0,41.0,51.0
Gil Vicente FC,113,56.0,41.0,54.0,50.0,46.0,39.0,48.0,53.0
Girondins de Bordeaux,477,51.0,38.0,53.0,60.0,55.0,49.0,49.0,55.0
Go Ahead Eagles,65,56.0,53.0,37.0,42.0,52.0,43.0,47.0,51.0
Granada CF,199,52.0,44.0,65.0,68.0,52.0,50.0,46.0,66.0
Grasshopper Club Zürich,412,50.0,53.0,53.0,59.0,50.0,38.0,47.0,52.0
Grenoble Foot 38,67,60.0,60.0,58.0,55.0,60.0,58.0,50.0,60.0
Górnik Łęczna,65,41.0,59.0,41.0,44.0,54.0,52.0,47.0,50.0
Hamburger SV,345,48.0,46.0,58.0,60.0,53.0,53.0,42.0,55.0
Hamilton Academical FC,212,61.0,56.0,65.0,59.0,55.0,54.0,53.0,58.0
Hannover 96,330,58.0,54.0,54.0,46.0,50.0,43.0,50.0,56.0
Heart of Midlothian,369,60.0,60.0,58.0,64.0,64.0,53.0,59.0,61.0
Hellas Verona,128,57.0,50.0,46.0,54.0,55.0,42.0,55.0,50.0
Heracles Almelo,340,46.0,40.0,44.0,55.0,58.0,44.0,51.0,42.0
Hertha BSC Berlin,244,54.0,50.0,53.0,55.0,56.0,49.0,44.0,55.0
Hibernian,257,58.0,51.0,53.0,55.0,52.0,48.0,49.0,52.0
Hull City,137,58.0,52.0,53.0,60.0,51.0,44.0,45.0,54.0
Hércules Club de Fútbol,35,51.0,49.0,57.0,50.0,62.0,47.0,50.0,55.0
Inter,535,58.0,57.0,60.0,57.0,64.0,40.0,56.0,47.0
Inverness Caledonian Thistle,357,48.0,54.0,55.0,50.0,58.0,42.0,46.0,45.0
Jagiellonia Białystok,325,47.0,53.0,51.0,36.0,67.0,49.0,56.0,54.0
Juventus,633,46.0,33.0,57.0,60.0,66.0,44.0,57.0,41.0
KAA Gent,382,54.0,46.0,44.0,65.0,44.0,51.0,50.0,46.0
KAS Eupen,23,50.0,55.0,50.0,55.0,55.0,50.0,50.0,55.0
KRC Genk,346,56.0,44.0,56.0,52.0,56.0,49.0,51.0,60.0
KSV Cercle Brugge,208,54.0,44.0,59.0,60.0,48.0,60.0,50.0,65.0
KSV Roeselare,48,65.0,60.0,50.0,35.0,40.0,65.0,70.0,70.0
KV Kortrijk,296,41.0,51.0,39.0,64.0,40.0,46.0,50.0,53.0
KV Mechelen,289,57.0,47.0,48.0,50.0,50.0,48.0,59.0,52.0
KV Oostende,101,52.0,54.0,45.0,42.0,53.0,42.0,47.0,44.0
KVC Westerlo,208,46.0,53.0,56.0,52.0,43.0,54.0,55.0,61.0
Karlsruher SC,29,57.0,47.0,60.0,51.0,55.0,43.0,45.0,45.0
Kilmarnock,334,54.0,57.0,54.0,55.0,51.0,48.0,49.0,54.0
Korona Kielce,271,62.0,54.0,53.0,49.0,58.0,47.0,48.0,61.0
LOSC Lille,533,49.0,46.0,60.0,56.0,53.0,56.0,51.0,47.0
Lazio,458,56.0,50.0,62.0,53.0,64.0,52.0,53.0,55.0
Le Havre AC,26,48.0,50.0,50.0,53.0,56.0,44.0,56.0,53.0
Le Mans FC,72,63.0,47.0,57.0,65.0,58.0,56.0,51.0,52.0
Lecce,105,45.0,43.0,48.0,57.0,52.0,32.0,60.0,60.0
Lech Poznań,432,60.0,49.0,57.0,57.0,68.0,52.0,48.0,54.0
Lechia Gdańsk,301,51.0,48.0,55.0,49.0,61.0,50.0,59.0,57.0
Legia Warszawa,461,57.0,42.0,53.0,44.0,60.0,56.0,54.0,63.0
Leicester City,122,54.0,54.0,49.0,60.0,54.0,56.0,56.0,56.0
Leixões SC,66,30.0,30.0,50.0,50.0,65.0,30.0,30.0,30.0
Levante UD,263,54.0,57.0,58.0,53.0,58.0,41.0,45.0,52.0
Lierse SK,109,65.0,59.0,56.0,51.0,59.0,41.0,49.0,61.0
Liverpool,526,58.0,44.0,41.0,48.0,57.0,51.0,52.0,56.0
Livorno,54,53.0,53.0,37.0,42.0,63.0,38.0,50.0,37.0
Manchester City,586,56.0,44.0,46.0,50.0,53.0,49.0,52.0,52.0
Manchester United,633,52.0,46.0,50.0,63.0,54.0,45.0,48.0,55.0
Middlesbrough,32,63.0,56.0,51.0,60.0,56.0,39.0,47.0,43.0
Milan,541,50.0,48.0,59.0,42.0,63.0,48.0,49.0,52.0
Montpellier Hérault SC,397,49.0,48.0,47.0,47.0,54.0,46.0,54.0,51.0
Moreirense FC,103,38.0,43.0,51.0,54.0,39.0,44.0,46.0,48.0
Motherwell,428,65.0,56.0,50.0,51.0,53.0,44.0,48.0,60.0
Málaga CF,396,48.0,42.0,58.0,58.0,55.0,55.0,54.0,46.0
N.E.C.,276,44.0,43.0,45.0,52.0,51.0,39.0,46.0,44.0
NAC Breda,271,42.0,49.0,38.0,43.0,51.0,40.0,42.0,46.0
Napoli,536,62.0,40.0,62.0,59.0,60.0,50.0,61.0,48.0
Naval 1° de Maio,88,40.0,48.0,40.0,50.0,60.0,38.0,36.0,32.0
Neuchâtel Xamax,139,54.0,47.0,45.0,55.0,49.0,44.0,40.0,53.0
Newcastle United,311,58.0,55.0,54.0,57.0,50.0,47.0,48.0,48.0
Norwich City,158,56.0,62.0,53.0,66.0,53.0,42.0,50.0,52.0
Novara,29,60.0,51.0,53.0,56.0,54.0,42.0,48.0,51.0
OGC Nice,399,52.0,62.0,51.0,55.0,45.0,52.0,50.0,60.0
Odra Wodzisław,59,30.0,45.0,45.0,40.0,70.0,70.0,70.0,65.0
Olympique Lyonnais,539,54.0,50.0,53.0,52.0,70.0,50.0,49.0,54.0
Olympique de Marseille,519,53.0,45.0,55.0,66.0,60.0,51.0,53.0,59.0
Oud-Heverlee Leuven,94,52.0,50.0,50.0,53.0,54.0,43.0,44.0,50.0
P. Warszawa,218,33.0,44.0,48.0,50.0,59.0,50.0,41.0,52.0
PEC Zwolle,180,50.0,48.0,55.0,50.0,55.0,54.0,55.0,59.0
PSV,581,52.0,38.0,50.0,54.0,54.0,44.0,42.0,49.0
Palermo,341,64.0,39.0,50.0,39.0,62.0,42.0,45.0,51.0
Paris Saint-Germain,601,47.0,45.0,54.0,54.0,55.0,54.0,54.0,58.0
Parma,285,45.0,32.0,54.0,61.0,53.0,45.0,46.0,51.0
Partick Thistle F.C.,130,48.0,42.0,48.0,52.0,56.0,46.0,45.0,50.0
Pescara,22,60.0,51.0,50.0,52.0,46.0,38.0,49.0,45.0
Piast Gliwice,237,47.0,56.0,55.0,51.0,47.0,42.0,51.0,51.0
Podbeskidzie Bielsko-Biała,175,62.0,58.0,57.0,49.0,46.0,38.0,46.0,43.0
Pogoń Szczecin,169,56.0,42.0,53.0,46.0,57.0,51.0,54.0,52.0
Portsmouth,69,59.0,59.0,49.0,53.0,54.0,42.0,49.0,44.0
Queens Park Rangers,92,53.0,58.0,54.0,52.0,56.0,51.0,50.0,51.0
RAEC Mons,99,52.0,52.0,55.0,61.0,46.0,46.0,45.0,47.0
RC Celta de Vigo,197,49.0,50.0,53.0,57.0,56.0,43.0,47.0,60.0
RC Deportivo de La Coruña,260,51.0,43.0,40.0,54.0,64.0,42.0,46.0,58.0
RC Lens,112,58.0,46.0,51.0,54.0,48.0,49.0,48.0,53.0
RC Recreativo,33,42.0,50.0,45.0,46.0,37.0,39.0,48.0,58.0
RCD Espanyol,364,53.0,45.0,58.0,61.0,47.0,45.0,45.0,49.0
RCD Mallorca,245,56.0,53.0,53.0,53.0,52.0,55.0,42.0,54.0
RKC Waalwijk,129,45.0,50.0,46.0,43.0,55.0,38.0,36.0,43.0
RSC Anderlecht,457,51.0,45.0,64.0,55.0,51.0,60.0,48.0,64.0
Racing Santander,158,47.0,49.0,64.0,67.0,51.0,49.0,48.0,58.0
Rangers,349,51.0,46.0,45.0,62.0,64.0,50.0,52.0,59.0
Rayo Vallecano,226,42.0,44.0,42.0,47.0,53.0,55.0,51.0,58.0
Reading,28,51.0,59.0,60.0,60.0,50.0,53.0,48.0,56.0
Real Betis Balompié,215,52.0,41.0,56.0,48.0,56.0,54.0,47.0,57.0
Real Madrid CF,720,51.0,39.0,68.0,54.0,69.0,52.0,52.0,64.0
Real Sociedad,311,40.0,38.0,56.0,51.0,60.0,48.0,48.0,57.0
Real Sporting de Gijón,206,59.0,48.0,66.0,57.0,51.0,47.0,59.0,45.0
Real Valladolid,158,53.0,54.0,50.0,59.0,50.0,46.0,51.0,53.0
Real Zaragoza,163,39.0,34.0,51.0,50.0,57.0,46.0,42.0,55.0
Reggio Calabria,31,53.0,44.0,45.0,55.0,55.0,38.0,48.0,51.0
Rio Ave FC,294,47.0,41.0,58.0,60.0,54.0,38.0,45.0,49.0
Roda JC Kerkrade,272,47.0,45.0,48.0,43.0,51.0,42.0,42.0,42.0
Roma,559,64.0,40.0,69.0,56.0,60.0,43.0,47.0,51.0
Ross County FC,185,38.0,52.0,47.0,41.0,49.0,38.0,53.0,42.0
Ruch Chorzów,333,47.0,46.0,56.0,60.0,54.0,47.0,47.0,49.0
S.C. Olhanense,151,49.0,48.0,52.0,44.0,48.0,42.0,34.0,45.0
SC Bastia,190,54.0,48.0,52.0,48.0,50.0,48.0,52.0,53.0
SC Beira Mar,85,42.0,47.0,52.0,52.0,58.0,40.0,53.0,58.0
SC Braga,434,48.0,45.0,55.0,56.0,50.0,28.0,51.0,39.0
SC Cambuur,98,44.0,50.0,46.0,53.0,48.0,42.0,49.0,47.0
SC Freiburg,240,52.0,44.0,51.0,46.0,45.0,48.0,54.0,41.0
SC Heerenveen,393,51.0,45.0,54.0,54.0,47.0,45.0,44.0,48.0
SC Paderborn 07,31,66.0,55.0,52.0,44.0,61.0,33.0,47.0,47.0
SD Eibar,78,62.0,52.0,60.0,55.0,58.0,37.0,56.0,49.0
SL Benfica,591,59.0,46.0,64.0,59.0,55.0,54.0,52.0,52.0
SM Caen,221,58.0,43.0,46.0,58.0,53.0,51.0,47.0,56.0
SV Darmstadt 98,38,59.0,77.0,52.0,77.0,45.0,32.0,56.0,41.0
SV Werder Bremen,343,59.0,44.0,63.0,53.0,62.0,58.0,52.0,64.0
SV Zulte-Waregem,296,56.0,53.0,50.0,49.0,42.0,49.0,56.0,48.0
Sampdoria,333,42.0,41.0,46.0,54.0,46.0,47.0,46.0,55.0
Sassuolo,144,50.0,52.0,51.0,53.0,59.0,40.0,41.0,42.0
Servette FC,74,42.0,52.0,50.0,67.0,50.0,51.0,50.0,51.0
Sevilla FC,482,57.0,56.0,58.0,58.0,52.0,46.0,54.0,60.0
Siena,149,45.0,45.0,50.0,54.0,53.0,41.0,51.0,52.0
Sint-Truidense VV,120,52.0,53.0,50.0,52.0,50.0,43.0,45.0,46.0
Southampton,220,52.0,45.0,51.0,57.0,52.0,55.0,60.0,49.0
SpVgg Greuther Fürth,21,60.0,46.0,51.0,51.0,51.0,47.0,53.0,57.0
Sparta Rotterdam,61,35.0,40.0,30.0,45.0,65.0,30.0,30.0,30.0
Sporting CP,492,50.0,48.0,56.0,60.0,55.0,52.0,49.0,49.0
Sporting Charleroi,207,53.0,49.0,45.0,45.0,51.0,48.0,54.0,53.0
Sporting Lokeren,290,64.0,54.0,44.0,48.0,54.0,49.0,55.0,56.0
St. Johnstone FC,363,62.0,53.0,48.0,49.0,43.0,38.0,48.0,47.0
St. Mirren,257,53.0,56.0,58.0,54.0,59.0,53.0,53.0,49.0
Stade Brestois 29,116,59.0,50.0,46.0,53.0,62.0,50.0,42.0,56.0
Stade Rennais FC,424,62.0,41.0,55.0,56.0,64.0,52.0,48.0,56.0
Stade de Reims,174,51.0,49.0,51.0,52.0,52.0,35.0,44.0,50.0
Standard de Liège,360,60.0,60.0,55.0,59.0,61.0,52.0,58.0,56.0
Stoke City,380,60.0,67.0,50.0,65.0,45.0,37.0,51.0,44.0
Sunderland,326,57.0,61.0,57.0,55.0,59.0,44.0,52.0,52.0
Swansea City,238,51.0,40.0,48.0,48.0,54.0,49.0,56.0,58.0
TSG 1899 Hoffenheim,337,62.0,48.0,59.0,55.0,59.0,58.0,58.0,49.0
Torino,230,59.0,43.0,45.0,59.0,52.0,40.0,42.0,53.0
Tottenham Hotspur,527,51.0,46.0,50.0,59.0,62.0,51.0,50.0,55.0
Toulouse FC,399,49.0,55.0,50.0,43.0,44.0,35.0,48.0,46.0
UD Almería,190,50.0,60.0,55.0,52.0,50.0,46.0,58.0,46.0
UD Las Palmas,44,46.0,44.0,54.0,45.0,57.0,49.0,43.0,57.0
US Boulogne Cote D'Opale,31,48.0,34.0,39.0,59.0,58.0,50.0,53.0,67.0
Udinese,421,71.0,53.0,61.0,65.0,54.0,41.0,49.0,55.0
"União de Leiria, SAD",89,45.0,45.0,51.0,50.0,49.0,51.0,48.0,52.0
VVV-Venlo,115,46.0,49.0,52.0,56.0,50.0,41.0,48.0,50.0
Valencia CF,500,29.0,35.0,44.0,56.0,60.0,50.0,44.0,57.0
Valenciennes FC,264,54.0,54.0,51.0,66.0,57.0,42.0,53.0,48.0
VfB Stuttgart,358,59.0,42.0,59.0,64.0,56.0,48.0,50.0,42.0
VfL Bochum,60,49.0,54.0,55.0,49.0,46.0,42.0,54.0,50.0
VfL Wolfsburg,418,61.0,51.0,67.0,58.0,57.0,55.0,47.0,53.0
Villarreal CF,407,39.0,32.0,46.0,49.0,62.0,52.0,46.0,56.0
Vitesse,386,42.0,39.0,54.0,46.0,60.0,45.0,50.0,52.0
Vitória Guimarães,337,42.0,39.0,55.0,61.0,56.0,43.0,47.0,56.0
Vitória Setúbal,239,51.0,41.0,54.0,54.0,52.0,36.0,39.0,52.0
Waasland-Beveren,93,46.0,47.0,41.0,34.0,49.0,27.0,39.0,35.0
Watford,45,65.0,57.0,56.0,54.0,54.0,46.0,54.0,52.0
West Bromwich Albion,298,58.0,52.0,53.0,56.0,55.0,43.0,46.0,55.0
West Ham United,314,63.0,55.0,50.0,66.0,40.0,32.0,43.0,40.0
Wigan Athletic,202,47.0,51.0,53.0,56.0,46.0,50.0,54.0,46.0
Willem II,173,52.0,51.0,49.0,48.0,53.0,36.0,43.0,46.0
Wisła Kraków,388,40.0,35.0,40.0,55.0,56.0,62.0,60.0,55.0
Wolverhampton Wanderers,103,58.0,61.0,54.0,64.0,55.0,50.0,53.0,54.0
Xerez Club Deportivo,34,48.0,44.0,45.0,51.0,50.0,47.0,52.0,53.0
Zagłębie Lubin,228,42.0,45.0,50.0,49.0,55.0,58.0,52.0,56.0
Zawisza Bydgoszcz,71,54.0,40.0,56.0,49.0,52.0,44.0,47.0,52.0
Évian Thonon Gaillard FC,171,52.0,51.0,52.0,58.0,58.0,47.0,53.0,53.0
Śląsk Wrocław,347,51.0,47.0,52.0,39.0,64.0,41.0,44.0,43.0
